# ENTER
.6 .6 500
6 6 250
6 6 250
5 5 250
6 6 250
5 5 750
4 4 500
4 4 250
4 4 500
5 5 250
6 6 250
5 5 250
4 4 250
3 3 250
.3 .3 125
.6 .6 125
1 1 125
3 3 125
0 0 250
1 1 250
1 1 500
1 1 250
2 2 250
3 3 250
5 5 750
4 4 500
3 3 250
2 2 500
.7 .7 250
3 3 500
2 2 250
.6 .6 250
6 6 250
3 3 250
5 5 250
4 4 260
3 3 300
2 2 340
1 1 360
.7 .7 500

# MAIN A
.6 .6 600
.6 .6 300
1 1 600
.6 .6 300
2 2 900
.6 .6 600
.7 .7 300
1 1 300
.7 .7 300
1 1 300
3 3 600
2 2 300
.6 .6 1200
0 0 600
.6 .6 600
3 3 300
3 3 600
1 1 300
2 2 900
.6 .6 600
.7 .7 300
1 1 300
.7 .7 300
1 1 300
3 3 600
2 2 300
1 1 1600
0 0 600
5 3 600
5 3 300
5 3 300
4 2 300
3 .6 300
2 2 900
.6 .6 600
.6 .6 300
.7 .5 600
1 .6 300
2 .7 300
1 .6 300
2 .7 300
3 1 1600
0 0 600
1 .6 600
1 .6 300
1 .6 300
2 .7 300
3 1 300
5 3 900
4 2 600
3 1 300
2 .7 600
.7 .3 300
3 1 600
2 .7 300
.6 .6 1600
0 0 600

# MAIN B
.6 .6 600
6 4 300
6 4 300
5 3 300
6 4 300
5 3 900
4 2 600
4 2 300 
4 2 600
5 3 300
6 4 300
5 3 300
4 2 300
3 1 1800 
0 0 800
1 .6 600
1 .6 300
1 .6 300
2 .7 300
3 1 300
5 3 900
4 2 600
3 1 300
2 .7 600
.7 .3 300
3 1 600
2 .7 300
.6 .6 1600
0 0 600 

# MAIN B-REPEAT
.6 .6 600 
6 4 300
6 4 300
5 3 300
6 4 300
5 3 900
4 2 600
4 2 300
4 2 600
5 3 300
6 4 300
5 3 300
4 2 300
3 1 1800
0 0 800
1 .6 600
1 .6 300
1 .6 300
2 .7 300
3 1 300
5 3 900
4 2 600
3 1 300
2 .7 600
.7 .3 300
3 1 600
2 .7 300
.6 .6 1600
0 0 600

# MID
.6 .6 500
6 6 250
6 6 250
5 5 250
6 6 250
5 5 750
4 4 500
4 4 250
4 4 500
5 5 250
6 6 250
5 5 250
4 4 250
3 3 250
.3 .3 125
.6 .6 125
1 1 125
3 3 125
0 0 250
1 1 250
1 1 500
1 1 250
2 2 250
3 3 250
5 5 750
4 4 500
3 3 250
2 2 500
.7 .7 250
3 3 500
2 2 250
.6 .6 250
6 6 250
3 3 250
5 5 250
4 4 260
3 3 300
2 2 340
1 1 360
.7 .7 500

# MAIN A2
.6 .6 600
.6 .6 300
1 1 600
.6 .6 300
2 2 900
.6 .6 600
.7 .7 300
1 1 300
.7 .7 300
1 1 300
3 3 600
2 2 300
.6 .6 1200
0 0 600
.6 .6 600
3 3 300
3 3 600
1 1 300
2 2 900
.6 .6 600
.7 .7 300
1 1 300
.7 .7 300
1 1 300
3 3 600
2 2 300
1 1 1600
0 0 600
5 3 600
5 3 300
5 3 300
4 2 300
3 .6 300
2 2 900
.6 .6 600
.6 .6 300
.7 .5 600
1 .6 300
2 .7 300
1 .6 300
2 .7 300
3 1 1600
0 0 600
1 .6 600
1 .6 300
1 .6 300
2 .7 300
3 1 300
5 3 900
4 2 600
3 1 300
2 .7 600
.7 .3 300
3 1 600
2 .7 300
.6 .6 1600
0 0 600

# MAIN B2
.6 .6 600
6 4 300
6 4 300
5 3 300
6 4 300
5 3 900
4 2 600
4 2 300
4 2 600
5 3 300
6 4 300
5 3 300
4 2 300
3 1 1800 
0 0 800
1 .6 600
1 .6 300
1 .6 300
2 .7 300
3 1 300
5 3 900
4 2 600
3 1 300
2 .7 600
.7 .3 300
3 1 600
2 .7 300
.6 .6 1600
0 0 600

# MAIN B-REPEAT2
.6 .6 600 
6 4 300
6 4 300
5 3 300
6 4 300
5 3 900
4 2 600
4 2 300
4 2 600
5 3 300
6 4 300
5 3 300
4 2 300
3 1 1800
0 0 800
1 .6 600
1 .6 300
1 .6 300
2 .7 300
3 1 300
5 3 900
4 2 600
3 1 300
2 .7 600
.7 .3 300
3 1 600
2 .7 300
.6 .6 1600
0 0 600

# END
2 .7 1500
.7 .3 1500
3 1 1500
2 .7 1500
6 3 4000
