# 2/4
# ENTER
3 3 500
6 6 500
5 5 500
6 6 250
5 5 250
4 4 500
3 3 250
2 2 250
3 3 500
.6 .6 500
0 0 250
4 4 500
2 2 250
3 3 500
1 1 500
.7 .7 250
.3 .3 250
1 1 250
.7 .7 250
.6 .6 500
0 0 500

# MAIN A
.6 .6 750
.7 .7 300
1 1 750
.6 .6 300
1 1 500
.7 .7 300
.6 .6 250
.7 .7 500
.3 .3 500

.7 .7 750
1 1 300
2 2 500
.7 .7 500
2 2 150
2 2 150
2 2 150
1 1 300
.7 .7 300
.6 .6 750

# MAIN B
3 3 500
6 6 500
5 5 500
6 6 250
5 5 250
4 4 500
3 3 250
2 2 250
3 3 500
.6 .6 500
0 0 250
4 4 500
2 2 250
3 3 500
1 1 500
.7 .7 250
.3 .3 250
1 1 250
.7 .7 250
.6 .6 500
0 0 500

# MAIN B-REPAT
3 3 500
6 6 500
5 5 500
6 6 250
5 5 250
4 4 500
3 3 250
2 2 250
3 3 500
.6 .6 500
0 0 250
4 4 500
2 2 250
3 3 500
1 1 500
.7 .7 250
.3 .3 250
1 1 250
.7 .7 250
.6 .6 500
0 0 500

# REPAT
# MAIN A
.6 .6 750
.7 .7 300
1 1 750
.6 .6 300
1 1 500
.7 .7 300
.6 .6 250
.7 .7 500
.3 .3 500

.7 .7 750
1 1 300
2 2 500
.7 .7 500
2 2 150
2 2 150
2 2 150
1 1 300
.7 .7 300
.6 .6 750

# MAIN B
3 3 500
6 6 500
5 5 500
6 6 250
5 5 250
4 4 500
3 3 250
2 2 250
3 3 500
.6 .6 500
0 0 250
4 4 500
2 2 250
3 3 500
1 1 500
.7 .7 250
.3 .3 250
1 1 250
.7 .7 250
.6 .6 500
0 0 500

# MAIN B-REPAT
3 3 500
6 6 500
5 5 500
6 6 250
5 5 250
4 4 500
3 3 250
2 2 250
3 3 500
.6 .6 500
0 0 250
4 4 500
2 2 250
3 3 500
1 1 500
.7 .7 250
.3 .3 250
1 1 250
.7 .7 250
.6 .6 500
0 0 500
