# 4/4,4=800

# ENTER
3. 5 800 |
5. 6 1600 |
4. 6 800 |
3. 6 800 |
2. 6 1200 |
3. 6 400 |
4. 6 800 |
0 0 400 |
4. 2. 400 |
3. 1. 1000 |
3. 1. 400 |
2. 7 1000 |
2. 7 400 |
1. 5 2000 |
0 0 800 |

# MAIN A
5 5 800 起
1. 5 1000 来
7 7 400 饥
2. 2. 400 寒
1. 1. 400 交
5 5 400 迫
3 3 400 的
6 4 1600 奴
4 4 800 隶,
0 0 500 |

6 6 600 起
2. 4 1000 来
1. 4 400 全
7 4 400 世
6 4 400 界
5 2 400 受
4 2 400 苦
3 3 1600 的人\n
0 0 500 |

5 5 800 满
1. 5 1000 腔
7 7 400 的
2. 2. 400 热
1. 1. 400 血
5 5 400 已
3 3 400 经
6 4 1000 沸
4 4 400 腾,
6 4 400 要
2. 6 400 为
1. 6 400 |
7 5 800 真
2. 5 800 理而
4. 7 800 斗
7 5 800 |
1. 5 1400 争\n
0 0 500 |

3. 3. 400 旧
2. 2. 400 世
7 5 1000 界
7 5 400 打
6 2 400 个
7 5 400 落
1. 6 400 花
6 2 400 流
7 5 1400 |
5 5 400 水,
5 5 400 奴
4 4 400 隶
5 5 400 们
6 6 800 起
6 6 800 来,
2. 6 800 起
1. 6 800 |
7 4 1600 来\n
0 0 800 |

2. 2 800 不
2. 4 1000 要
7 4 400 说
5 4 400 我
5 4 400 们
4 4 400 一
5 4 400 无
3. 3 1000 所
1. 3 800 有,
6 6 400 我
7 7 400 们
1. 1. 400 要
7 5 800 做
2. 7 800 天
1. 6 800 下的
6 6 800 主
5 5 1600 人\n
0 0 800 |

# MAIN B
3. 7 600 这
2. 7 400 是
1. 1. 1600 最
5 5 1000 后
3 3 600 的
6 4 1600 斗
4 4 400 争,
0 0 400 |
2. 6 600 团
1. 6 400 结
7 5 1600 起来,
6 4 800 到
5 4 800 明
5 3 1600 天,
0 0 400 |
5 5 800 英
3. 1. 1600 特
2. 5 800 纳
5 3 800 雄
1. 6 1600 耐
7 3 1000 尔
7 3 400 就
6 4 1000 一
5 3 400 定
6 4 800 要
2. 2 800 实
2. 5 1600 现\n
0 0 800 |

3. 7 600 这
2. 7 400 是
1. 1. 1600 最
5 5 1000 后
3 3 600 的
6 4 1600 斗
4 4 400 争,
0 0 400 |
2. 6 600 团
1. 6 400 结
7 5 1600 起来,
6 4 800 到
5 4 800 明
3. 5 1600 天,
0 0 400 |
3. 5 800 英
5. 6 1600 特
4. 6 800 纳
3. 6 800 雄
2. 6 1200 耐
3. 6 400 |
4. 6 800 尔,
0 0 400 |
4. 2. 400 就
3. 1. 1000 一
3. 1. 400 定
2. 7 1000 要
2. 7 400 实
1. 5 2000 现\n